category	GF vs SPF (Young)	GF vs SPF (Old)	term	ontology
GO:0098796	NA	0.00174030264428233	membrane protein complex	CC
GO:0004984	NA	0.00163529524179687	olfactory receptor activity	MF
